48    48
586    48
48    78
78    78
430    78
460    78
493    78
524    79
556    80
588    78
48    109
80    109
430    109
463    110
493    109
523    109
556    109
587    110
48    142
79    141
119    140
150    140
181    139
212    140
244    140
276    140
306    140
336    140
369    141
401    140
430    140
463    142
493    141
526    142
555    140
587    141
48    170
80    172
120    169
150    170
180    170
212    168
244    172
274    172
306    172
338    172
369    171
398    171
431    170
463    170
492    171
524    171
557    171
588    171
49    202
78    204
122    274
150    274
183    273
214    272
244    272
276    274
305    274
338    271
370    274
400    272
430    271
465    275
494    274
524    273
118    202
151    202
181    203
212    203
244    203
276    201
306    200
335    202
372    202
401    202
431    201
461    201
496    202
526    201
558    202
589    202
50    232
79    232
118    303
152    304
181    304
214    304
244    304
274    302
306    304
336    303
369    303
399    304
430    304
461    305
494    304
526    303
121    234
151    232
182    234
214    233
246    232
275    232
306    231
337    231
368    231
400    231
431    230
461    231
494    232
524    231
554    231
585    230